train_mean: 0.9325827593029177
train_scores:
  fold10: 0.9685767469756147
  fold2: 0.8075713517124317
  fold3: 0.9183141532016518
  fold4: 0.9691915244670226
  fold5: 0.9184777672351572
  fold6: 0.959239038958468
  fold7: 0.9403842689110236
  fold8: 0.9507575217368568
  fold9: 0.9607324605280327
train_std: 0.047796226315840955
valid: 0.9528325760536489
