train_scores:
  fold1: 0.9648742914914707
  fold2: 0.9684214689516917
  fold3: 0.9618849138666212
  fold4: 0.9599298567286373
  fold5: 0.9666327408439126
  fold6: 0.9663618757566211
  fold7: 0.970117612657981
  fold8: 0.9480737148564027
  fold9: 0.9736487469576236
  fold10: 0.9654804164895037
train_mean: 0.9645425638600467
train_std: 0.006612723711644085
holdout: 0.9659904861329593
