train_scores:
  fold1: 0.8206561105522384
  fold2: 0.8009222745316971
  fold3: 0.6884683600541529
  fold4: 0.9125649329752711
  fold5: 0.9291317892827824
  fold6: 0.9781414830902886
  fold7: 0.9234478133513877
  fold8: 0.7270980537994298
  fold9: 0.9687498415673641
  fold10: 0.9417395107478266
train_mean: 0.8690920169952439
train_std: 0.09763743622790332
holdout: 0.9667956568330592
