train_scores:
  fold1: 0.6653747096179636
  fold2: 0.7741887084486425
  fold3: 0.9394232284204523
  fold4: 0.9779036950197559
  fold5: 0.9100031222376307
  fold6: 0.9728653835428748
  fold7: 0.9446712609064937
  fold8: 0.9693189435103181
  fold9: 0.9659453699273628
  fold10: 0.9761468527376721
train_mean: 0.9095841274369167
train_std: 0.09996965973166591
valid: 0.9667956568330592
