train_scores:
  fold1: 0.7453312433942089
  fold2: 0.9360214586983436
  fold3: 0.9280708759159584
  fold4: 0.8671330495883294
  fold5: 0.9285408188620986
  fold6: 0.9710531261511167
  fold7: 0.8739377631179202
  fold8: 0.9556534224269275
  fold9: 0.962044379262058
  fold10: 0.952734879403594
train_mean: 0.9120521016820557
train_std: 0.064734681517146
holdout: 0.9448538783071887
