train_scores:
  fold1: 0.7469671787524788
  fold2: 0.9156730717472049
  fold3: 0.9520585547885778
  fold4: 0.7949752592825919
  fold5: 0.9526545193839184
  fold6: 0.9818835840418574
  fold7: 0.872679137190226
  fold8: 0.9754905328846942
  fold9: 0.9717202349880268
  fold10: 0.9764071686275135
train_mean: 0.9140509241687089
train_std: 0.07895265132840246
holdout: 0.9722532995236287
