train_scores:
  fold1: 0.7607423704359124
  fold2: 0.915825876849506
  fold3: 0.9703130958688135
  fold4: 0.8166783365180326
  fold5: 0.9552212540786275
  fold6: 0.9822139780338739
  fold7: 0.8943709040406232
  fold8: 0.9755677698621554
  fold9: 0.9761048552591967
  fold10: 0.9771232866692997
train_mean: 0.922416172761604
train_std: 0.07334533305076144
holdout: 0.971595445779405
