train_scores:
  fold1: 0.9811648997008241
  fold2: 0.9697318408510965
  fold3: 0.9666972130919905
  fold4: 0.963357497623861
  fold5: 0.9666569186949946
  fold6: 0.9811518641698016
  fold7: 0.960358921470571
  fold8: 0.9682755434350008
  fold9: 0.9734823446352124
  fold10: 0.9683681203257323
train_mean: 0.9699245163999084
train_std: 0.006526525294940285
valid: 0.9667956568330592
