train_scores:
  fold2: 0.7741887084486425
  fold3: 0.9394232284204523
  fold4: 0.9779036950197559
  fold5: 0.9100031222376307
  fold6: 0.9728653835428748
  fold7: 0.9446712609064937
  fold8: 0.9693189435103181
  fold9: 0.9659453699273628
  fold10: 0.9761468527376721
train_mean: 0.9367185071945782
train_std: 0.06116881724982447
valid: 0.9667956568330592
