train_scores:
  fold1: 0.8061640085777155
  fold2: 0.5790563404058041
  fold3: 0.9467341416914922
  fold4: 0.8845233287179974
  fold5: 0.9609032123807915
  fold6: 0.830310062507738
  fold7: 0.9599448106195756
  fold8: 0.9756216121624044
  fold9: 0.9741700279242941
  fold10: 0.910244487155641
train_mean: 0.8827672032143454
train_std: 0.1160809976673955
holdout: 0.9695944367497262
