train_scores:
  fold1: 0.949382816941444
  fold2: 0.967201179647527
  fold3: 0.9657642099391808
  fold4: 0.9659508511482724
  fold5: 0.9704098598045631
  fold6: 0.9589657502654809
  fold7: 0.9573135198135198
  fold8: 0.9774731366194782
  fold9: 0.9642038347831031
  fold10: 0.9626424896241969
train_mean: 0.9639307648586766
train_std: 0.007247956245463611
valid: 0.9667956568330592
