train_scores:
  fold1: 0.7558061211882072
  fold2: 0.9155628089745216
  fold3: 0.969164548732951
  fold4: 0.8137162815615716
  fold5: 0.9542254783349017
  fold6: 0.9821365478150396
  fold7: 0.8916279675361313
  fold8: 0.9747549197432129
  fold9: 0.975729918439158
  fold10: 0.9764961015783853
train_mean: 0.9209220693904081
train_std: 0.07471093544300948
holdout: 0.9708562750853191
