train_scores:
  fold1: 0.8028669054807123
  fold2: 0.5783508570363147
  fold3: 0.9483936919919081
  fold4: 0.8892035984506578
  fold5: 0.964226806058032
  fold6: 0.7749112965778945
  fold7: 0.9618487894928471
  fold8: 0.9760832258515189
  fold9: 0.9755414210363016
  fold10: 0.9071444809556286
train_mean: 0.8778571072931817
train_std: 0.1206615888405188
holdout: 0.9722664151607032
adv_valid: 0.9732848907487018
