train_scores:
  fold1: 0.7593415894624747
  fold2: 0.9161411241940833
  fold3: 0.9637507006457458
  fold4: 0.8137709938728537
  fold5: 0.9521858591289967
  fold6: 0.9801312554971697
  fold7: 0.8749316435918579
  fold8: 0.9749585226620259
  fold9: 0.9736315151314281
  fold10: 0.976659339256434
train_mean: 0.9185502543443069
train_std: 0.07402272437728295
holdout: 0.9709162838769777
