train_scores:
  fold1: 0.8680716717706587
  fold2: 0.8182215199484878
  fold3: 0.919503030778053
  fold4: 0.9616951065954582
  fold5: 0.9159367929348222
  fold6: 0.953689119072059
  fold7: 0.9302756543896225
  fold8: 0.9412886188717277
  fold9: 0.9484827396227509
  fold10: 0.9528786681933213
train_mean: 0.921004292217696
train_std: 0.04287958392849641
